11    1 1111111111111100    00000000 fffc     r 00
11    1 1111111111111101    10000000 fffd     r 80
01    1 1000000000000000    10101001 8000     r a9
01    1 1000000000000001    11111111 8001     r ff
01    1 1000000000000010    10001101 8002     r 8d
01    1 1000000000000011    00000010 8003     r 02
01    1 1000000000000100    01100000 8004     r 60
10    0 0110000000000010    11111111 6002     W ff
01    1 1000000000000101    10101001 8005     r a9
01    1 1000000000000110    11100000 8006     r e0
01    1 1000000000000111    10001101 8007     r 8d
01    1 1000000000001000    00000011 8008     r 03
01    1 1000000000001001    01100000 8009     r 60
10    0 0110000000000011    11100000 6003     W e0
01    1 1000000000001010    10101001 800a     r a9
01    1 1000000000001011    00000001 800b     r 01
01    1 1000000000001100    10001101 800c     r 8d
01    1 1000000000001101    00000000 800d     r 00
01    1 1000000000001110    01100000 800e     r 60
10    0 0110000000000000    00000001 6000     W 01
01    1 1000000000001111    10101001 800f     r a9
01    1 1000000000010000    00000000 8010     r 00
01    1 1000000000010001    10001101 8011     r 8d
01    1 1000000000010010    00000001 8012     r 01
01    1 1000000000010011    01100000 8013     r 60
10    0 0110000000000001    00000000 6001     W 00
01    1 1000000000010100    10101001 8014     r a9
01    1 1000000000010101    10000000 8015     r 80
01    1 1000000000010110    10001101 8016     r 8d
01    1 1000000000010111    00000001 8017     r 01
01    1 1000000000011000    01100000 8018     r 60
10    0 0110000000000001    10000000 6001     W 80
01    1 1000000000011001    10101001 8019     r a9
01    1 1000000000011010    00000000 801a     r 00
01    1 1000000000011011    10001101 801b     r 8d
01    1 1000000000011100    00000001 801c     r 01
01    1 1000000000011101    01100000 801d     r 60
10    0 0110000000000001    00000000 6001     W 00
01    1 1000000000011110    10101001 801e     r a9
01    1 1000000000011111    00111000 801f     r 38
01    1 1000000000100000    10001101 8020     r 8d
01    1 1000000000100001    00000000 8021     r 00
01    1 1000000000100010    01100000 8022     r 60
10    0 0110000000000000    00111000 6000     W 38
01    1 1000000000100011    10101001 8023     r a9
01    1 1000000000100100    00000000 8024     r 00
01    1 1000000000100101    10001101 8025     r 8d
01    1 1000000000100110    00000001 8026     r 01
01    1 1000000000100111    01100000 8027     r 60
10    0 0110000000000001    00000000 6001     W 00
01    1 1000000000101000    10101001 8028     r a9
01    1 1000000000101001    10000000 8029     r 80
01    1 1000000000101010    10001101 802a     r 8d
01    1 1000000000101011    00000001 802b     r 01
01    1 1000000000101100    01100000 802c     r 60
10    0 0110000000000001    10000000 6001     W 80
01    1 1000000000101101    10101001 802d     r a9
01    1 1000000000101110    00000000 802e     r 00
01    1 1000000000101111    10001101 802f     r 8d
01    1 1000000000110000    00000001 8030     r 01
01    1 1000000000110001    01100000 8031     r 60
10    0 0110000000000001    00000000 6001     W 00
01    1 1000000000110010    10101001 8032     r a9
01    1 1000000000110011    00001110 8033     r 0e
01    1 1000000000110100    10001101 8034     r 8d
01    1 1000000000110101    00000000 8035     r 00
01    1 1000000000110110    01100000 8036     r 60
10    0 0110000000000000    00001110 6000     W 0e
01    1 1000000000110111    10101001 8037     r a9
01    1 1000000000111000    00000000 8038     r 00
01    1 1000000000111001    10001101 8039     r 8d
01    1 1000000000111010    00000001 803a     r 01
01    1 1000000000111011    01100000 803b     r 60
10    0 0110000000000001    00000000 6001     W 00
01    1 1000000000111100    10101001 803c     r a9
01    1 1000000000111101    10000000 803d     r 80
01    1 1000000000111110    10001101 803e     r 8d
01    1 1000000000111111    00000001 803f     r 01
01    1 1000000001000000    01100000 8040     r 60
10    0 0110000000000001    10000000 6001     W 80
01    1 1000000001000001    10101001 8041     r a9
01    1 1000000001000010    00000000 8042     r 00
01    1 1000000001000011    10001101 8043     r 8d
01    1 1000000001000100    00000001 8044     r 01
01    1 1000000001000101    01100000 8045     r 60
10    0 0110000000000001    00000000 6001     W 00
01    1 1000000001000110    10101001 8046     r a9
01    1 1000000001000111    00000110 8047     r 06
01    1 1000000001001000    10001101 8048     r 8d
01    1 1000000001001001    00000000 8049     r 00
01    1 1000000001001010    01100000 804a     r 60
10    0 0110000000000000    00000110 6000     W 06
01    1 1000000001001011    10101001 804b     r a9
01    1 1000000001001100    00000000 804c     r 00
01    1 1000000001001101    10001101 804d     r 8d
01    1 1000000001001110    00000001 804e     r 01
01    1 1000000001001111    01100000 804f     r 60
10    0 0110000000000001    00000000 6001     W 00
01    1 1000000001010000    10101001 8050     r a9
01    1 1000000001010001    10000000 8051     r 80
01    1 1000000001010010    10001101 8052     r 8d
01    1 1000000001010011    00000001 8053     r 01
01    1 1000000001010100    01100000 8054     r 60
10    0 0110000000000001    10000000 6001     W 80
01    1 1000000001010101    10101001 8055     r a9
01    1 1000000001010110    00000000 8056     r 00
01    1 1000000001010111    10001101 8057     r 8d
01    1 1000000001011000    00000001 8058     r 01
01    1 1000000001011001    01100000 8059     r 60
10    0 0110000000000001    00000000 6001     W 00
01    1 1000000001011010    10101001 805a     r a9
01    1 1000000001011011    01001111 805b     r 4f
01    1 1000000001011100    10001101 805c     r 8d
01    1 1000000001011101    00000000 805d     r 00
01    1 1000000001011110    00100000 805e     r 20
11    0 0010000000000000    01001111 2000     W 4f
01    1 1000000001011111    10101001 805f     r a9
01    1 1000000001100000    01110011 8060     r 73
01    1 1000000001100001    10001101 8061     r 8d
01    1 1000000001100010    00000001 8062     r 01
01    1 1000000001100011    00100000 8063     r 20
11    0 0010000000000001    01110011 2001     W 73
01    1 1000000001100100    10101101 8064     r ad
01    1 1000000001100101    00000000 8065     r 00
01    1 1000000001100110    00100000 8066     r 20
11    0 0010000000000000    01001111 2000     r 4f
01    1 1000000001100111    10001101 8067     r 8d
01    1 1000000001101000    00000000 8068     r 00
01    1 1000000001101001    01100000 8069     r 60
10    0 0110000000000000    01001111 6000     W 4f
01    1 1000000001101010    10101001 806a     r a9
01    1 1000000001101011    00100000 806b     r 20
01    1 1000000001101100    10001101 806c     r 8d
01    1 1000000001101101    00000001 806d     r 01
01    1 1000000001101110    01100000 806e     r 60
10    0 0110000000000001    00100000 6001     W 20
01    1 1000000001101111    10101001 806f     r a9
01    1 1000000001110000    10100000 8070     r a0
01    1 1000000001110001    10001101 8071     r 8d
01    1 1000000001110010    00000001 8072     r 01
01    1 1000000001110011    01100000 8073     r 60
10    0 0110000000000001    10100000 6001     W a0
01    1 1000000001110100    10101001 8074     r a9
01    1 1000000001110101    00100000 8075     r 20
01    1 1000000001110110    10001101 8076     r 8d
01    1 1000000001110111    00000001 8077     r 01
01    1 1000000001111000    01100000 8078     r 60
10    0 0110000000000001    00100000 6001     W 20
01    1 1000000001111001    10101101 8079     r ad
01    1 1000000001111010    00000001 807a     r 01
01    1 1000000001111011    00100000 807b     r 20
11    0 0010000000000001    01110011 2001     r 73
01    1 1000000001111100    10001101 807c     r 8d
01    1 1000000001111101    00000000 807d     r 00
01    1 1000000001111110    01100000 807e     r 60
10    0 0110000000000000    01110011 6000     W 73
01    1 1000000001111111    10101001 807f     r a9
01    1 1000000010000000    00100000 8080     r 20
01    1 1000000010000001    10001101 8081     r 8d
01    1 1000000010000010    00000001 8082     r 01
01    1 1000000010000011    01100000 8083     r 60
10    0 0110000000000001    00100000 6001     W 20
01    1 1000000010000100    10101001 8084     r a9
01    1 1000000010000101    10100000 8085     r a0
01    1 1000000010000110    10001101 8086     r 8d
01    1 1000000010000111    00000001 8087     r 01
01    1 1000000010001000    01100000 8088     r 60
10    0 0110000000000001    10100000 6001     W a0
01    1 1000000010001001    10101001 8089     r a9
01    1 1000000010001010    00100000 808a     r 20
01    1 1000000010001011    10001101 808b     r 8d
01    1 1000000010001100    00000001 808c     r 01
01    1 1000000010001101    01100000 808d     r 60
10    0 0110000000000001    00100000 6001     W 20
01    1 1000000010001110    10101001 808e     r a9
01    1 1000000010001111    01101111 808f     r 6f
01    1 1000000010010000    10001101 8090     r 8d
01    1 1000000010010001    00000000 8091     r 00
01    1 1000000010010010    01100000 8092     r 60
10    0 0110000000000000    01101111 6000     W 6f
01    1 1000000010010011    10101001 8093     r a9
01    1 1000000010010100    00100000 8094     r 20
01    1 1000000010010101    10001101 8095     r 8d
01    1 1000000010010110    00000001 8096     r 01
01    1 1000000010010111    01100000 8097     r 60
10    0 0110000000000001    00100000 6001     W 20
10    0 0110000000000001    00100000 6001     W 20
01    1 1000000010011000    10101001 8098     r a9
01    1 1000000010011001    10100000 8099     r a0
01    1 1000000010011010    10001101 809a     r 8d
01    1 1000000010011011    00000001 809b     r 01
01    1 1000000010011100    01100000 809c     r 60
10    0 0110000000000001    10100000 6001     W a0
01    1 1000000010011101    10101001 809d     r a9
01    1 1000000010011110    00100000 809e     r 20
01    1 1000000010011111    10001101 809f     r 8d
01    1 1000000010100000    00000001 80a0     r 01
01    1 1000000010100001    01100000 80a1     r 60
10    0 0110000000000001    00100000 6001     W 20
01    1 1000000010100010    10101001 80a2     r a9
01    1 1000000010100011    01001100 80a3     r 4c
01    1 1000000010100100    10001101 80a4     r 8d
01    1 1000000010100101    00000000 80a5     r 00
01    1 1000000010100110    01100000 80a6     r 60
10    0 0110000000000000    01001100 6000     W 4c
01    1 1000000010100111    10101001 80a7     r a9
01    1 1000000010101000    00100000 80a8     r 20
01    1 1000000010101001    10001101 80a9     r 8d
01    1 1000000010101010    00000001 80aa     r 01
01    1 1000000010101011    01100000 80ab     r 60
10    0 0110000000000001    00100000 6001     W 20
01    1 1000000010101100    10101001 80ac     r a9
01    1 1000000010101101    10100000 80ad     r a0
01    1 1000000010101110    10001101 80ae     r 8d
01    1 1000000010101111    00000001 80af     r 01
01    1 1000000010110000    01100000 80b0     r 60
10    0 0110000000000001    10100000 6001     W a0
01    1 1000000010110001    10101001 80b1     r a9
01    1 1000000010110010    00100000 80b2     r 20
01    1 1000000010110011    10001101 80b3     r 8d
01    1 1000000010110100    00000001 80b4     r 01
01    1 1000000010110101    01100000 80b5     r 60
10    0 0110000000000001    00100000 6001     W 20
01    1 1000000010110110    10101001 80b6     r a9
01    1 1000000010110111    01100001 80b7     r 61
01    1 1000000010111000    10001101 80b8     r 8d
01    1 1000000010111001    00000000 80b9     r 00
01    1 1000000010111010    01100000 80ba     r 60
10    0 0110000000000000    01100001 6000     W 61
01    1 1000000010111011    10101001 80bb     r a9
01    1 1000000010111100    00100000 80bc     r 20
01    1 1000000010111101    10001101 80bd     r 8d
01    1 1000000010111110    00000001 80be     r 01
01    1 1000000010111111    01100000 80bf     r 60
10    0 0110000000000001    00100000 6001     W 20
01    1 1000000011000000    10101001 80c0     r a9
01    1 1000000011000001    10100000 80c1     r a0
01    1 1000000011000010    10001101 80c2     r 8d
01    1 1000000011000011    00000001 80c3     r 01
01    1 1000000011000100    01100000 80c4     r 60
10    0 0110000000000001    10100000 6001     W a0
01    1 1000000011000101    10101001 80c5     r a9
01    1 1000000011000110    00100000 80c6     r 20
01    1 1000000011000111    10001101 80c7     r 8d
01    1 1000000011001000    00000001 80c8     r 01
01    1 1000000011001001    01100000 80c9     r 60
10    0 0110000000000001    00100000 6001     W 20
01    1 1000000011001010    10101001 80ca     r a9
01    1 1000000011001011    01100010 80cb     r 62
01    1 1000000011001100    10001101 80cc     r 8d
01    1 1000000011001101    00000000 80cd     r 00
01    1 1000000011001110    01100000 80ce     r 60
10    0 0110000000000000    01100010 6000     W 62
01    1 1000000011001111    10101001 80cf     r a9
01    1 1000000011010000    00100000 80d0     r 20
01    1 1000000011010001    10001101 80d1     r 8d
01    1 1000000011010010    00000001 80d2     r 01
01    1 1000000011010011    01100000 80d3     r 60
10    0 0110000000000001    00100000 6001     W 20
01    1 1000000011010100    10101001 80d4     r a9
01    1 1000000011010101    10100000 80d5     r a0
01    1 1000000011010110    10001101 80d6     r 8d
01    1 1000000011010111    00000001 80d7     r 01
01    1 1000000011011000    01100000 80d8     r 60
10    0 0110000000000001    10100000 6001     W a0
01    1 1000000011011001    10101001 80d9     r a9
01    1 1000000011011010    00100000 80da     r 20
01    1 1000000011011011    10001101 80db     r 8d
01    1 1000000011011100    00000001 80dc     r 01
01    1 1000000011011101    01100000 80dd     r 60
10    0 0110000000000001    00100000 6001     W 20
01    1 1000000011011110    10101001 80de     r a9
01    1 1000000011011111    01110011 80df     r 73
01    1 1000000011100000    10001101 80e0     r 8d
01    1 1000000011100001    00000000 80e1     r 00
01    1 1000000011100010    01100000 80e2     r 60
10    0 0110000000000000    01110011 6000     W 73
01    1 1000000011100011    10101001 80e3     r a9
01    1 1000000011100100    00100000 80e4     r 20
01    1 1000000011100101    10001101 80e5     r 8d
01    1 1000000011100110    00000001 80e6     r 01
01    1 1000000011100111    01100000 80e7     r 60
10    0 0110000000000001    00100000 6001     W 20
01    1 1000000011101000    10101001 80e8     r a9
01    1 1000000011101001    10100000 80e9     r a0
01    1 1000000011101010    10001101 80ea     r 8d
01    1 1000000011101011    00000001 80eb     r 01
01    1 1000000011101100    01100000 80ec     r 60
10    0 0110000000000001    10100000 6001     W a0
01    1 1000000011101101    10101001 80ed     r a9
01    1 1000000011101110    00100000 80ee     r 20
01    1 1000000011101111    10001101 80ef     r 8d
01    1 1000000011110000    00000001 80f0     r 01
01    1 1000000011110001    01100000 80f1     r 60
10    0 0110000000000001    00100000 6001     W 20
01    1 1000000011110010    01001100 80f2     r 4c
01    1 1000000011110011    11110010 80f3     r f2
01    1 1000000011110100    10000000 80f4     r 80
01    1 1000000011110010    01001100 80f2     r 4c
01    1 1000000011110011    11110010 80f3     r f2
01    1 1000000011110100    10000000 80f4     r 80